1784009612.382897 0.000000000 0.000000000 0.000000000 0.000000000 0.000000000 0.000000000 1.000000000
1784009614.106789 0.002121081 -0.022503143 0.038544055 -0.011615390 0.056510668 -0.005944954 0.998316765
1784009615.830317 0.006040917 -0.028040785 0.049688257 -0.012484422 0.080194779 -0.008767329 0.996662498
1784009617.554206 0.015532726 -0.042487137 0.067182444 -0.015842142 0.111808419 -0.010900515 0.993543684
1784009619.277331 0.030920785 -0.057708453 0.081324369 -0.022225693 0.138368666 -0.003390800 0.990125537
1784009621.002693 0.043496899 -0.071415059 0.098797262 -0.032737494 0.178349718 -0.007028226 0.983397305
1784009622.724834 0.048968490 -0.075796865 0.096044019 -0.033782061 0.203713968 -0.016484478 0.978308558
1784009624.449324 0.061106302 -0.095131628 0.108422980 -0.041939735 0.235722184 -0.021135582 0.970685005
1784009626.172763 0.074769028 -0.105532780 0.114465997 -0.048443738 0.260651171 -0.027278576 0.963830948
1784009627.895158 0.092295974 -0.107706033 0.120384432 -0.056921411 0.280328721 -0.031859089 0.957685113
1784009629.617305 0.124017924 -0.118190743 0.120393708 -0.062520623 0.299368441 -0.023862837 0.951787949
1784009631.341228 0.147572547 -0.125909552 0.119598739 -0.070969790 0.321363360 -0.020205665 0.944076598
